{
 "cells": [
  {
   "cell_type": "code",
   "execution_count": 28,
   "id": "e32b8f70",
   "metadata": {},
   "outputs": [],
   "source": [
    "import pandas as pd\n",
    "import numpy as np\n",
    "import matplotlib.pyplot as plt\n",
    "import seaborn as sns\n",
    "\n",
    "from sklearn.model_selection import train_test_split\n",
    "from sklearn.metrics import mean_squared_error, r2_score\n",
    "from sklearn.linear_model import LinearRegression\n",
    "from sklearn.preprocessing import OneHotEncoder\n",
    "from sklearn.impute import SimpleImputer\n",
    "from uszipcode import search\n",
    "import warnings\n",
    "warnings.filterwarnings('ignore')"
   ]
  },
  {
   "cell_type": "code",
   "execution_count": 2,
   "id": "5cffcff3",
   "metadata": {},
   "outputs": [
    {
     "data": {
      "text/html": [
       "<div>\n",
       "<style scoped>\n",
       "    .dataframe tbody tr th:only-of-type {\n",
       "        vertical-align: middle;\n",
       "    }\n",
       "\n",
       "    .dataframe tbody tr th {\n",
       "        vertical-align: top;\n",
       "    }\n",
       "\n",
       "    .dataframe thead th {\n",
       "        text-align: right;\n",
       "    }\n",
       "</style>\n",
       "<table border=\"1\" class=\"dataframe\">\n",
       "  <thead>\n",
       "    <tr style=\"text-align: right;\">\n",
       "      <th></th>\n",
       "      <th>id</th>\n",
       "      <th>date</th>\n",
       "      <th>price</th>\n",
       "      <th>bedrooms</th>\n",
       "      <th>bathrooms</th>\n",
       "      <th>sqft_living</th>\n",
       "      <th>sqft_lot</th>\n",
       "      <th>floors</th>\n",
       "      <th>waterfront</th>\n",
       "      <th>view</th>\n",
       "      <th>...</th>\n",
       "      <th>grade</th>\n",
       "      <th>sqft_above</th>\n",
       "      <th>sqft_basement</th>\n",
       "      <th>yr_built</th>\n",
       "      <th>yr_renovated</th>\n",
       "      <th>zipcode</th>\n",
       "      <th>lat</th>\n",
       "      <th>long</th>\n",
       "      <th>sqft_living15</th>\n",
       "      <th>sqft_lot15</th>\n",
       "    </tr>\n",
       "  </thead>\n",
       "  <tbody>\n",
       "    <tr>\n",
       "      <th>0</th>\n",
       "      <td>7129300520</td>\n",
       "      <td>10/13/2014</td>\n",
       "      <td>221900.0</td>\n",
       "      <td>3</td>\n",
       "      <td>1.00</td>\n",
       "      <td>1180</td>\n",
       "      <td>5650</td>\n",
       "      <td>1.0</td>\n",
       "      <td>NaN</td>\n",
       "      <td>0.0</td>\n",
       "      <td>...</td>\n",
       "      <td>7</td>\n",
       "      <td>1180</td>\n",
       "      <td>0.0</td>\n",
       "      <td>1955</td>\n",
       "      <td>0.0</td>\n",
       "      <td>98178</td>\n",
       "      <td>47.5112</td>\n",
       "      <td>-122.257</td>\n",
       "      <td>1340</td>\n",
       "      <td>5650</td>\n",
       "    </tr>\n",
       "    <tr>\n",
       "      <th>1</th>\n",
       "      <td>6414100192</td>\n",
       "      <td>12/9/2014</td>\n",
       "      <td>538000.0</td>\n",
       "      <td>3</td>\n",
       "      <td>2.25</td>\n",
       "      <td>2570</td>\n",
       "      <td>7242</td>\n",
       "      <td>2.0</td>\n",
       "      <td>0.0</td>\n",
       "      <td>0.0</td>\n",
       "      <td>...</td>\n",
       "      <td>7</td>\n",
       "      <td>2170</td>\n",
       "      <td>400.0</td>\n",
       "      <td>1951</td>\n",
       "      <td>1991.0</td>\n",
       "      <td>98125</td>\n",
       "      <td>47.7210</td>\n",
       "      <td>-122.319</td>\n",
       "      <td>1690</td>\n",
       "      <td>7639</td>\n",
       "    </tr>\n",
       "    <tr>\n",
       "      <th>2</th>\n",
       "      <td>5631500400</td>\n",
       "      <td>2/25/2015</td>\n",
       "      <td>180000.0</td>\n",
       "      <td>2</td>\n",
       "      <td>1.00</td>\n",
       "      <td>770</td>\n",
       "      <td>10000</td>\n",
       "      <td>1.0</td>\n",
       "      <td>0.0</td>\n",
       "      <td>0.0</td>\n",
       "      <td>...</td>\n",
       "      <td>6</td>\n",
       "      <td>770</td>\n",
       "      <td>0.0</td>\n",
       "      <td>1933</td>\n",
       "      <td>NaN</td>\n",
       "      <td>98028</td>\n",
       "      <td>47.7379</td>\n",
       "      <td>-122.233</td>\n",
       "      <td>2720</td>\n",
       "      <td>8062</td>\n",
       "    </tr>\n",
       "    <tr>\n",
       "      <th>3</th>\n",
       "      <td>2487200875</td>\n",
       "      <td>12/9/2014</td>\n",
       "      <td>604000.0</td>\n",
       "      <td>4</td>\n",
       "      <td>3.00</td>\n",
       "      <td>1960</td>\n",
       "      <td>5000</td>\n",
       "      <td>1.0</td>\n",
       "      <td>0.0</td>\n",
       "      <td>0.0</td>\n",
       "      <td>...</td>\n",
       "      <td>7</td>\n",
       "      <td>1050</td>\n",
       "      <td>910.0</td>\n",
       "      <td>1965</td>\n",
       "      <td>0.0</td>\n",
       "      <td>98136</td>\n",
       "      <td>47.5208</td>\n",
       "      <td>-122.393</td>\n",
       "      <td>1360</td>\n",
       "      <td>5000</td>\n",
       "    </tr>\n",
       "    <tr>\n",
       "      <th>4</th>\n",
       "      <td>1954400510</td>\n",
       "      <td>2/18/2015</td>\n",
       "      <td>510000.0</td>\n",
       "      <td>3</td>\n",
       "      <td>2.00</td>\n",
       "      <td>1680</td>\n",
       "      <td>8080</td>\n",
       "      <td>1.0</td>\n",
       "      <td>0.0</td>\n",
       "      <td>0.0</td>\n",
       "      <td>...</td>\n",
       "      <td>8</td>\n",
       "      <td>1680</td>\n",
       "      <td>0.0</td>\n",
       "      <td>1987</td>\n",
       "      <td>0.0</td>\n",
       "      <td>98074</td>\n",
       "      <td>47.6168</td>\n",
       "      <td>-122.045</td>\n",
       "      <td>1800</td>\n",
       "      <td>7503</td>\n",
       "    </tr>\n",
       "    <tr>\n",
       "      <th>...</th>\n",
       "      <td>...</td>\n",
       "      <td>...</td>\n",
       "      <td>...</td>\n",
       "      <td>...</td>\n",
       "      <td>...</td>\n",
       "      <td>...</td>\n",
       "      <td>...</td>\n",
       "      <td>...</td>\n",
       "      <td>...</td>\n",
       "      <td>...</td>\n",
       "      <td>...</td>\n",
       "      <td>...</td>\n",
       "      <td>...</td>\n",
       "      <td>...</td>\n",
       "      <td>...</td>\n",
       "      <td>...</td>\n",
       "      <td>...</td>\n",
       "      <td>...</td>\n",
       "      <td>...</td>\n",
       "      <td>...</td>\n",
       "      <td>...</td>\n",
       "    </tr>\n",
       "    <tr>\n",
       "      <th>21592</th>\n",
       "      <td>263000018</td>\n",
       "      <td>5/21/2014</td>\n",
       "      <td>360000.0</td>\n",
       "      <td>3</td>\n",
       "      <td>2.50</td>\n",
       "      <td>1530</td>\n",
       "      <td>1131</td>\n",
       "      <td>3.0</td>\n",
       "      <td>0.0</td>\n",
       "      <td>0.0</td>\n",
       "      <td>...</td>\n",
       "      <td>8</td>\n",
       "      <td>1530</td>\n",
       "      <td>0.0</td>\n",
       "      <td>2009</td>\n",
       "      <td>0.0</td>\n",
       "      <td>98103</td>\n",
       "      <td>47.6993</td>\n",
       "      <td>-122.346</td>\n",
       "      <td>1530</td>\n",
       "      <td>1509</td>\n",
       "    </tr>\n",
       "    <tr>\n",
       "      <th>21593</th>\n",
       "      <td>6600060120</td>\n",
       "      <td>2/23/2015</td>\n",
       "      <td>400000.0</td>\n",
       "      <td>4</td>\n",
       "      <td>2.50</td>\n",
       "      <td>2310</td>\n",
       "      <td>5813</td>\n",
       "      <td>2.0</td>\n",
       "      <td>0.0</td>\n",
       "      <td>0.0</td>\n",
       "      <td>...</td>\n",
       "      <td>8</td>\n",
       "      <td>2310</td>\n",
       "      <td>0.0</td>\n",
       "      <td>2014</td>\n",
       "      <td>0.0</td>\n",
       "      <td>98146</td>\n",
       "      <td>47.5107</td>\n",
       "      <td>-122.362</td>\n",
       "      <td>1830</td>\n",
       "      <td>7200</td>\n",
       "    </tr>\n",
       "    <tr>\n",
       "      <th>21594</th>\n",
       "      <td>1523300141</td>\n",
       "      <td>6/23/2014</td>\n",
       "      <td>402101.0</td>\n",
       "      <td>2</td>\n",
       "      <td>0.75</td>\n",
       "      <td>1020</td>\n",
       "      <td>1350</td>\n",
       "      <td>2.0</td>\n",
       "      <td>0.0</td>\n",
       "      <td>0.0</td>\n",
       "      <td>...</td>\n",
       "      <td>7</td>\n",
       "      <td>1020</td>\n",
       "      <td>0.0</td>\n",
       "      <td>2009</td>\n",
       "      <td>0.0</td>\n",
       "      <td>98144</td>\n",
       "      <td>47.5944</td>\n",
       "      <td>-122.299</td>\n",
       "      <td>1020</td>\n",
       "      <td>2007</td>\n",
       "    </tr>\n",
       "    <tr>\n",
       "      <th>21595</th>\n",
       "      <td>291310100</td>\n",
       "      <td>1/16/2015</td>\n",
       "      <td>400000.0</td>\n",
       "      <td>3</td>\n",
       "      <td>2.50</td>\n",
       "      <td>1600</td>\n",
       "      <td>2388</td>\n",
       "      <td>2.0</td>\n",
       "      <td>NaN</td>\n",
       "      <td>0.0</td>\n",
       "      <td>...</td>\n",
       "      <td>8</td>\n",
       "      <td>1600</td>\n",
       "      <td>0.0</td>\n",
       "      <td>2004</td>\n",
       "      <td>0.0</td>\n",
       "      <td>98027</td>\n",
       "      <td>47.5345</td>\n",
       "      <td>-122.069</td>\n",
       "      <td>1410</td>\n",
       "      <td>1287</td>\n",
       "    </tr>\n",
       "    <tr>\n",
       "      <th>21596</th>\n",
       "      <td>1523300157</td>\n",
       "      <td>10/15/2014</td>\n",
       "      <td>325000.0</td>\n",
       "      <td>2</td>\n",
       "      <td>0.75</td>\n",
       "      <td>1020</td>\n",
       "      <td>1076</td>\n",
       "      <td>2.0</td>\n",
       "      <td>0.0</td>\n",
       "      <td>0.0</td>\n",
       "      <td>...</td>\n",
       "      <td>7</td>\n",
       "      <td>1020</td>\n",
       "      <td>0.0</td>\n",
       "      <td>2008</td>\n",
       "      <td>0.0</td>\n",
       "      <td>98144</td>\n",
       "      <td>47.5941</td>\n",
       "      <td>-122.299</td>\n",
       "      <td>1020</td>\n",
       "      <td>1357</td>\n",
       "    </tr>\n",
       "  </tbody>\n",
       "</table>\n",
       "<p>21597 rows × 21 columns</p>\n",
       "</div>"
      ],
      "text/plain": [
       "               id        date     price  bedrooms  bathrooms  sqft_living  \\\n",
       "0      7129300520  10/13/2014  221900.0         3       1.00         1180   \n",
       "1      6414100192   12/9/2014  538000.0         3       2.25         2570   \n",
       "2      5631500400   2/25/2015  180000.0         2       1.00          770   \n",
       "3      2487200875   12/9/2014  604000.0         4       3.00         1960   \n",
       "4      1954400510   2/18/2015  510000.0         3       2.00         1680   \n",
       "...           ...         ...       ...       ...        ...          ...   \n",
       "21592   263000018   5/21/2014  360000.0         3       2.50         1530   \n",
       "21593  6600060120   2/23/2015  400000.0         4       2.50         2310   \n",
       "21594  1523300141   6/23/2014  402101.0         2       0.75         1020   \n",
       "21595   291310100   1/16/2015  400000.0         3       2.50         1600   \n",
       "21596  1523300157  10/15/2014  325000.0         2       0.75         1020   \n",
       "\n",
       "       sqft_lot  floors  waterfront  view  ...  grade  sqft_above  \\\n",
       "0          5650     1.0         NaN   0.0  ...      7        1180   \n",
       "1          7242     2.0         0.0   0.0  ...      7        2170   \n",
       "2         10000     1.0         0.0   0.0  ...      6         770   \n",
       "3          5000     1.0         0.0   0.0  ...      7        1050   \n",
       "4          8080     1.0         0.0   0.0  ...      8        1680   \n",
       "...         ...     ...         ...   ...  ...    ...         ...   \n",
       "21592      1131     3.0         0.0   0.0  ...      8        1530   \n",
       "21593      5813     2.0         0.0   0.0  ...      8        2310   \n",
       "21594      1350     2.0         0.0   0.0  ...      7        1020   \n",
       "21595      2388     2.0         NaN   0.0  ...      8        1600   \n",
       "21596      1076     2.0         0.0   0.0  ...      7        1020   \n",
       "\n",
       "       sqft_basement yr_built  yr_renovated  zipcode      lat     long  \\\n",
       "0                0.0     1955           0.0    98178  47.5112 -122.257   \n",
       "1              400.0     1951        1991.0    98125  47.7210 -122.319   \n",
       "2                0.0     1933           NaN    98028  47.7379 -122.233   \n",
       "3              910.0     1965           0.0    98136  47.5208 -122.393   \n",
       "4                0.0     1987           0.0    98074  47.6168 -122.045   \n",
       "...              ...      ...           ...      ...      ...      ...   \n",
       "21592            0.0     2009           0.0    98103  47.6993 -122.346   \n",
       "21593            0.0     2014           0.0    98146  47.5107 -122.362   \n",
       "21594            0.0     2009           0.0    98144  47.5944 -122.299   \n",
       "21595            0.0     2004           0.0    98027  47.5345 -122.069   \n",
       "21596            0.0     2008           0.0    98144  47.5941 -122.299   \n",
       "\n",
       "       sqft_living15  sqft_lot15  \n",
       "0               1340        5650  \n",
       "1               1690        7639  \n",
       "2               2720        8062  \n",
       "3               1360        5000  \n",
       "4               1800        7503  \n",
       "...              ...         ...  \n",
       "21592           1530        1509  \n",
       "21593           1830        7200  \n",
       "21594           1020        2007  \n",
       "21595           1410        1287  \n",
       "21596           1020        1357  \n",
       "\n",
       "[21597 rows x 21 columns]"
      ]
     },
     "execution_count": 2,
     "metadata": {},
     "output_type": "execute_result"
    }
   ],
   "source": [
    "df = pd.read_csv('../../../data/kc_house_data.csv')\n",
    "df"
   ]
  },
  {
   "cell_type": "code",
   "execution_count": 3,
   "id": "bb53843b",
   "metadata": {},
   "outputs": [
    {
     "data": {
      "text/plain": [
       "id                 int64\n",
       "date              object\n",
       "price            float64\n",
       "bedrooms           int64\n",
       "bathrooms        float64\n",
       "sqft_living        int64\n",
       "sqft_lot           int64\n",
       "floors           float64\n",
       "waterfront       float64\n",
       "view             float64\n",
       "condition          int64\n",
       "grade              int64\n",
       "sqft_above         int64\n",
       "sqft_basement     object\n",
       "yr_built           int64\n",
       "yr_renovated     float64\n",
       "zipcode            int64\n",
       "lat              float64\n",
       "long             float64\n",
       "sqft_living15      int64\n",
       "sqft_lot15         int64\n",
       "dtype: object"
      ]
     },
     "execution_count": 3,
     "metadata": {},
     "output_type": "execute_result"
    }
   ],
   "source": [
    "df.dtypes"
   ]
  },
  {
   "cell_type": "code",
   "execution_count": 4,
   "id": "75360c1e",
   "metadata": {},
   "outputs": [
    {
     "data": {
      "text/plain": [
       "price            1.000000\n",
       "bedrooms         0.308787\n",
       "bathrooms        0.525906\n",
       "sqft_living      0.701917\n",
       "sqft_lot         0.089876\n",
       "floors           0.256804\n",
       "waterfront       0.276295\n",
       "view             0.395734\n",
       "condition        0.036056\n",
       "grade            0.667951\n",
       "sqft_above       0.605368\n",
       "yr_built         0.053953\n",
       "yr_renovated     0.129599\n",
       "zipcode         -0.053402\n",
       "lat              0.306692\n",
       "long             0.022036\n",
       "sqft_living15    0.585241\n",
       "sqft_lot15       0.082845\n",
       "Name: price, dtype: float64"
      ]
     },
     "execution_count": 4,
     "metadata": {},
     "output_type": "execute_result"
    }
   ],
   "source": [
    "df[df.columns[1:]].corr()['price'][:]"
   ]
  },
  {
   "cell_type": "code",
   "execution_count": 5,
   "id": "b3c68584",
   "metadata": {},
   "outputs": [
    {
     "data": {
      "text/html": [
       "<div>\n",
       "<style scoped>\n",
       "    .dataframe tbody tr th:only-of-type {\n",
       "        vertical-align: middle;\n",
       "    }\n",
       "\n",
       "    .dataframe tbody tr th {\n",
       "        vertical-align: top;\n",
       "    }\n",
       "\n",
       "    .dataframe thead th {\n",
       "        text-align: right;\n",
       "    }\n",
       "</style>\n",
       "<table border=\"1\" class=\"dataframe\">\n",
       "  <thead>\n",
       "    <tr style=\"text-align: right;\">\n",
       "      <th></th>\n",
       "      <th>id</th>\n",
       "      <th>price</th>\n",
       "      <th>bedrooms</th>\n",
       "      <th>bathrooms</th>\n",
       "      <th>sqft_living</th>\n",
       "      <th>sqft_lot</th>\n",
       "      <th>floors</th>\n",
       "      <th>waterfront</th>\n",
       "      <th>view</th>\n",
       "      <th>condition</th>\n",
       "      <th>grade</th>\n",
       "      <th>sqft_above</th>\n",
       "      <th>yr_built</th>\n",
       "      <th>yr_renovated</th>\n",
       "      <th>zipcode</th>\n",
       "      <th>lat</th>\n",
       "      <th>long</th>\n",
       "      <th>sqft_living15</th>\n",
       "      <th>sqft_lot15</th>\n",
       "    </tr>\n",
       "  </thead>\n",
       "  <tbody>\n",
       "    <tr>\n",
       "      <th>id</th>\n",
       "      <td>1.000000</td>\n",
       "      <td>-0.016772</td>\n",
       "      <td>0.001150</td>\n",
       "      <td>0.005162</td>\n",
       "      <td>-0.012241</td>\n",
       "      <td>-0.131911</td>\n",
       "      <td>0.018608</td>\n",
       "      <td>-0.004176</td>\n",
       "      <td>0.011592</td>\n",
       "      <td>-0.023803</td>\n",
       "      <td>0.008188</td>\n",
       "      <td>-0.010799</td>\n",
       "      <td>0.021617</td>\n",
       "      <td>-0.012010</td>\n",
       "      <td>-0.008211</td>\n",
       "      <td>-0.001798</td>\n",
       "      <td>0.020672</td>\n",
       "      <td>-0.002701</td>\n",
       "      <td>-0.138557</td>\n",
       "    </tr>\n",
       "    <tr>\n",
       "      <th>price</th>\n",
       "      <td>-0.016772</td>\n",
       "      <td>1.000000</td>\n",
       "      <td>0.308787</td>\n",
       "      <td>0.525906</td>\n",
       "      <td>0.701917</td>\n",
       "      <td>0.089876</td>\n",
       "      <td>0.256804</td>\n",
       "      <td>0.276295</td>\n",
       "      <td>0.395734</td>\n",
       "      <td>0.036056</td>\n",
       "      <td>0.667951</td>\n",
       "      <td>0.605368</td>\n",
       "      <td>0.053953</td>\n",
       "      <td>0.129599</td>\n",
       "      <td>-0.053402</td>\n",
       "      <td>0.306692</td>\n",
       "      <td>0.022036</td>\n",
       "      <td>0.585241</td>\n",
       "      <td>0.082845</td>\n",
       "    </tr>\n",
       "    <tr>\n",
       "      <th>bedrooms</th>\n",
       "      <td>0.001150</td>\n",
       "      <td>0.308787</td>\n",
       "      <td>1.000000</td>\n",
       "      <td>0.514508</td>\n",
       "      <td>0.578212</td>\n",
       "      <td>0.032471</td>\n",
       "      <td>0.177944</td>\n",
       "      <td>-0.002386</td>\n",
       "      <td>0.078523</td>\n",
       "      <td>0.026496</td>\n",
       "      <td>0.356563</td>\n",
       "      <td>0.479386</td>\n",
       "      <td>0.155670</td>\n",
       "      <td>0.018495</td>\n",
       "      <td>-0.154092</td>\n",
       "      <td>-0.009951</td>\n",
       "      <td>0.132054</td>\n",
       "      <td>0.393406</td>\n",
       "      <td>0.030690</td>\n",
       "    </tr>\n",
       "    <tr>\n",
       "      <th>bathrooms</th>\n",
       "      <td>0.005162</td>\n",
       "      <td>0.525906</td>\n",
       "      <td>0.514508</td>\n",
       "      <td>1.000000</td>\n",
       "      <td>0.755758</td>\n",
       "      <td>0.088373</td>\n",
       "      <td>0.502582</td>\n",
       "      <td>0.067282</td>\n",
       "      <td>0.186451</td>\n",
       "      <td>-0.126479</td>\n",
       "      <td>0.665838</td>\n",
       "      <td>0.686668</td>\n",
       "      <td>0.507173</td>\n",
       "      <td>0.051050</td>\n",
       "      <td>-0.204786</td>\n",
       "      <td>0.024280</td>\n",
       "      <td>0.224903</td>\n",
       "      <td>0.569884</td>\n",
       "      <td>0.088303</td>\n",
       "    </tr>\n",
       "    <tr>\n",
       "      <th>sqft_living</th>\n",
       "      <td>-0.012241</td>\n",
       "      <td>0.701917</td>\n",
       "      <td>0.578212</td>\n",
       "      <td>0.755758</td>\n",
       "      <td>1.000000</td>\n",
       "      <td>0.173453</td>\n",
       "      <td>0.353953</td>\n",
       "      <td>0.110230</td>\n",
       "      <td>0.282532</td>\n",
       "      <td>-0.059445</td>\n",
       "      <td>0.762779</td>\n",
       "      <td>0.876448</td>\n",
       "      <td>0.318152</td>\n",
       "      <td>0.055660</td>\n",
       "      <td>-0.199802</td>\n",
       "      <td>0.052155</td>\n",
       "      <td>0.241214</td>\n",
       "      <td>0.756402</td>\n",
       "      <td>0.184342</td>\n",
       "    </tr>\n",
       "    <tr>\n",
       "      <th>sqft_lot</th>\n",
       "      <td>-0.131911</td>\n",
       "      <td>0.089876</td>\n",
       "      <td>0.032471</td>\n",
       "      <td>0.088373</td>\n",
       "      <td>0.173453</td>\n",
       "      <td>1.000000</td>\n",
       "      <td>-0.004814</td>\n",
       "      <td>0.023143</td>\n",
       "      <td>0.075298</td>\n",
       "      <td>-0.008830</td>\n",
       "      <td>0.114731</td>\n",
       "      <td>0.184139</td>\n",
       "      <td>0.052946</td>\n",
       "      <td>0.004513</td>\n",
       "      <td>-0.129586</td>\n",
       "      <td>-0.085514</td>\n",
       "      <td>0.230227</td>\n",
       "      <td>0.144763</td>\n",
       "      <td>0.718204</td>\n",
       "    </tr>\n",
       "    <tr>\n",
       "      <th>floors</th>\n",
       "      <td>0.018608</td>\n",
       "      <td>0.256804</td>\n",
       "      <td>0.177944</td>\n",
       "      <td>0.502582</td>\n",
       "      <td>0.353953</td>\n",
       "      <td>-0.004814</td>\n",
       "      <td>1.000000</td>\n",
       "      <td>0.021883</td>\n",
       "      <td>0.028436</td>\n",
       "      <td>-0.264075</td>\n",
       "      <td>0.458794</td>\n",
       "      <td>0.523989</td>\n",
       "      <td>0.489193</td>\n",
       "      <td>0.003535</td>\n",
       "      <td>-0.059541</td>\n",
       "      <td>0.049239</td>\n",
       "      <td>0.125943</td>\n",
       "      <td>0.280102</td>\n",
       "      <td>-0.010722</td>\n",
       "    </tr>\n",
       "    <tr>\n",
       "      <th>waterfront</th>\n",
       "      <td>-0.004176</td>\n",
       "      <td>0.276295</td>\n",
       "      <td>-0.002386</td>\n",
       "      <td>0.067282</td>\n",
       "      <td>0.110230</td>\n",
       "      <td>0.023143</td>\n",
       "      <td>0.021883</td>\n",
       "      <td>1.000000</td>\n",
       "      <td>0.406654</td>\n",
       "      <td>0.017642</td>\n",
       "      <td>0.087383</td>\n",
       "      <td>0.075463</td>\n",
       "      <td>-0.026079</td>\n",
       "      <td>0.087244</td>\n",
       "      <td>0.031057</td>\n",
       "      <td>-0.012772</td>\n",
       "      <td>-0.039864</td>\n",
       "      <td>0.088860</td>\n",
       "      <td>0.032002</td>\n",
       "    </tr>\n",
       "    <tr>\n",
       "      <th>view</th>\n",
       "      <td>0.011592</td>\n",
       "      <td>0.395734</td>\n",
       "      <td>0.078523</td>\n",
       "      <td>0.186451</td>\n",
       "      <td>0.282532</td>\n",
       "      <td>0.075298</td>\n",
       "      <td>0.028436</td>\n",
       "      <td>0.406654</td>\n",
       "      <td>1.000000</td>\n",
       "      <td>0.045735</td>\n",
       "      <td>0.249727</td>\n",
       "      <td>0.166299</td>\n",
       "      <td>-0.054564</td>\n",
       "      <td>0.100964</td>\n",
       "      <td>0.085277</td>\n",
       "      <td>0.006141</td>\n",
       "      <td>-0.077894</td>\n",
       "      <td>0.279561</td>\n",
       "      <td>0.073332</td>\n",
       "    </tr>\n",
       "    <tr>\n",
       "      <th>condition</th>\n",
       "      <td>-0.023803</td>\n",
       "      <td>0.036056</td>\n",
       "      <td>0.026496</td>\n",
       "      <td>-0.126479</td>\n",
       "      <td>-0.059445</td>\n",
       "      <td>-0.008830</td>\n",
       "      <td>-0.264075</td>\n",
       "      <td>0.017642</td>\n",
       "      <td>0.045735</td>\n",
       "      <td>1.000000</td>\n",
       "      <td>-0.146896</td>\n",
       "      <td>-0.158904</td>\n",
       "      <td>-0.361592</td>\n",
       "      <td>-0.061858</td>\n",
       "      <td>0.002888</td>\n",
       "      <td>-0.015102</td>\n",
       "      <td>-0.105877</td>\n",
       "      <td>-0.093072</td>\n",
       "      <td>-0.003126</td>\n",
       "    </tr>\n",
       "    <tr>\n",
       "      <th>grade</th>\n",
       "      <td>0.008188</td>\n",
       "      <td>0.667951</td>\n",
       "      <td>0.356563</td>\n",
       "      <td>0.665838</td>\n",
       "      <td>0.762779</td>\n",
       "      <td>0.114731</td>\n",
       "      <td>0.458794</td>\n",
       "      <td>0.087383</td>\n",
       "      <td>0.249727</td>\n",
       "      <td>-0.146896</td>\n",
       "      <td>1.000000</td>\n",
       "      <td>0.756073</td>\n",
       "      <td>0.447865</td>\n",
       "      <td>0.016669</td>\n",
       "      <td>-0.185771</td>\n",
       "      <td>0.113575</td>\n",
       "      <td>0.200341</td>\n",
       "      <td>0.713867</td>\n",
       "      <td>0.120981</td>\n",
       "    </tr>\n",
       "    <tr>\n",
       "      <th>sqft_above</th>\n",
       "      <td>-0.010799</td>\n",
       "      <td>0.605368</td>\n",
       "      <td>0.479386</td>\n",
       "      <td>0.686668</td>\n",
       "      <td>0.876448</td>\n",
       "      <td>0.184139</td>\n",
       "      <td>0.523989</td>\n",
       "      <td>0.075463</td>\n",
       "      <td>0.166299</td>\n",
       "      <td>-0.158904</td>\n",
       "      <td>0.756073</td>\n",
       "      <td>1.000000</td>\n",
       "      <td>0.424037</td>\n",
       "      <td>0.022137</td>\n",
       "      <td>-0.261570</td>\n",
       "      <td>-0.001199</td>\n",
       "      <td>0.344842</td>\n",
       "      <td>0.731767</td>\n",
       "      <td>0.195077</td>\n",
       "    </tr>\n",
       "    <tr>\n",
       "      <th>yr_built</th>\n",
       "      <td>0.021617</td>\n",
       "      <td>0.053953</td>\n",
       "      <td>0.155670</td>\n",
       "      <td>0.507173</td>\n",
       "      <td>0.318152</td>\n",
       "      <td>0.052946</td>\n",
       "      <td>0.489193</td>\n",
       "      <td>-0.026079</td>\n",
       "      <td>-0.054564</td>\n",
       "      <td>-0.361592</td>\n",
       "      <td>0.447865</td>\n",
       "      <td>0.424037</td>\n",
       "      <td>1.000000</td>\n",
       "      <td>-0.225209</td>\n",
       "      <td>-0.347210</td>\n",
       "      <td>-0.148370</td>\n",
       "      <td>0.409993</td>\n",
       "      <td>0.326377</td>\n",
       "      <td>0.070777</td>\n",
       "    </tr>\n",
       "    <tr>\n",
       "      <th>yr_renovated</th>\n",
       "      <td>-0.012010</td>\n",
       "      <td>0.129599</td>\n",
       "      <td>0.018495</td>\n",
       "      <td>0.051050</td>\n",
       "      <td>0.055660</td>\n",
       "      <td>0.004513</td>\n",
       "      <td>0.003535</td>\n",
       "      <td>0.087244</td>\n",
       "      <td>0.100964</td>\n",
       "      <td>-0.061858</td>\n",
       "      <td>0.016669</td>\n",
       "      <td>0.022137</td>\n",
       "      <td>-0.225209</td>\n",
       "      <td>1.000000</td>\n",
       "      <td>0.069846</td>\n",
       "      <td>0.032145</td>\n",
       "      <td>-0.072156</td>\n",
       "      <td>-0.000247</td>\n",
       "      <td>0.003852</td>\n",
       "    </tr>\n",
       "    <tr>\n",
       "      <th>zipcode</th>\n",
       "      <td>-0.008211</td>\n",
       "      <td>-0.053402</td>\n",
       "      <td>-0.154092</td>\n",
       "      <td>-0.204786</td>\n",
       "      <td>-0.199802</td>\n",
       "      <td>-0.129586</td>\n",
       "      <td>-0.059541</td>\n",
       "      <td>0.031057</td>\n",
       "      <td>0.085277</td>\n",
       "      <td>0.002888</td>\n",
       "      <td>-0.185771</td>\n",
       "      <td>-0.261570</td>\n",
       "      <td>-0.347210</td>\n",
       "      <td>0.069846</td>\n",
       "      <td>1.000000</td>\n",
       "      <td>0.266742</td>\n",
       "      <td>-0.564259</td>\n",
       "      <td>-0.279299</td>\n",
       "      <td>-0.147294</td>\n",
       "    </tr>\n",
       "    <tr>\n",
       "      <th>lat</th>\n",
       "      <td>-0.001798</td>\n",
       "      <td>0.306692</td>\n",
       "      <td>-0.009951</td>\n",
       "      <td>0.024280</td>\n",
       "      <td>0.052155</td>\n",
       "      <td>-0.085514</td>\n",
       "      <td>0.049239</td>\n",
       "      <td>-0.012772</td>\n",
       "      <td>0.006141</td>\n",
       "      <td>-0.015102</td>\n",
       "      <td>0.113575</td>\n",
       "      <td>-0.001199</td>\n",
       "      <td>-0.148370</td>\n",
       "      <td>0.032145</td>\n",
       "      <td>0.266742</td>\n",
       "      <td>1.000000</td>\n",
       "      <td>-0.135371</td>\n",
       "      <td>0.048679</td>\n",
       "      <td>-0.086139</td>\n",
       "    </tr>\n",
       "    <tr>\n",
       "      <th>long</th>\n",
       "      <td>0.020672</td>\n",
       "      <td>0.022036</td>\n",
       "      <td>0.132054</td>\n",
       "      <td>0.224903</td>\n",
       "      <td>0.241214</td>\n",
       "      <td>0.230227</td>\n",
       "      <td>0.125943</td>\n",
       "      <td>-0.039864</td>\n",
       "      <td>-0.077894</td>\n",
       "      <td>-0.105877</td>\n",
       "      <td>0.200341</td>\n",
       "      <td>0.344842</td>\n",
       "      <td>0.409993</td>\n",
       "      <td>-0.072156</td>\n",
       "      <td>-0.564259</td>\n",
       "      <td>-0.135371</td>\n",
       "      <td>1.000000</td>\n",
       "      <td>0.335626</td>\n",
       "      <td>0.255586</td>\n",
       "    </tr>\n",
       "    <tr>\n",
       "      <th>sqft_living15</th>\n",
       "      <td>-0.002701</td>\n",
       "      <td>0.585241</td>\n",
       "      <td>0.393406</td>\n",
       "      <td>0.569884</td>\n",
       "      <td>0.756402</td>\n",
       "      <td>0.144763</td>\n",
       "      <td>0.280102</td>\n",
       "      <td>0.088860</td>\n",
       "      <td>0.279561</td>\n",
       "      <td>-0.093072</td>\n",
       "      <td>0.713867</td>\n",
       "      <td>0.731767</td>\n",
       "      <td>0.326377</td>\n",
       "      <td>-0.000247</td>\n",
       "      <td>-0.279299</td>\n",
       "      <td>0.048679</td>\n",
       "      <td>0.335626</td>\n",
       "      <td>1.000000</td>\n",
       "      <td>0.183515</td>\n",
       "    </tr>\n",
       "    <tr>\n",
       "      <th>sqft_lot15</th>\n",
       "      <td>-0.138557</td>\n",
       "      <td>0.082845</td>\n",
       "      <td>0.030690</td>\n",
       "      <td>0.088303</td>\n",
       "      <td>0.184342</td>\n",
       "      <td>0.718204</td>\n",
       "      <td>-0.010722</td>\n",
       "      <td>0.032002</td>\n",
       "      <td>0.073332</td>\n",
       "      <td>-0.003126</td>\n",
       "      <td>0.120981</td>\n",
       "      <td>0.195077</td>\n",
       "      <td>0.070777</td>\n",
       "      <td>0.003852</td>\n",
       "      <td>-0.147294</td>\n",
       "      <td>-0.086139</td>\n",
       "      <td>0.255586</td>\n",
       "      <td>0.183515</td>\n",
       "      <td>1.000000</td>\n",
       "    </tr>\n",
       "  </tbody>\n",
       "</table>\n",
       "</div>"
      ],
      "text/plain": [
       "                     id     price  bedrooms  bathrooms  sqft_living  sqft_lot  \\\n",
       "id             1.000000 -0.016772  0.001150   0.005162    -0.012241 -0.131911   \n",
       "price         -0.016772  1.000000  0.308787   0.525906     0.701917  0.089876   \n",
       "bedrooms       0.001150  0.308787  1.000000   0.514508     0.578212  0.032471   \n",
       "bathrooms      0.005162  0.525906  0.514508   1.000000     0.755758  0.088373   \n",
       "sqft_living   -0.012241  0.701917  0.578212   0.755758     1.000000  0.173453   \n",
       "sqft_lot      -0.131911  0.089876  0.032471   0.088373     0.173453  1.000000   \n",
       "floors         0.018608  0.256804  0.177944   0.502582     0.353953 -0.004814   \n",
       "waterfront    -0.004176  0.276295 -0.002386   0.067282     0.110230  0.023143   \n",
       "view           0.011592  0.395734  0.078523   0.186451     0.282532  0.075298   \n",
       "condition     -0.023803  0.036056  0.026496  -0.126479    -0.059445 -0.008830   \n",
       "grade          0.008188  0.667951  0.356563   0.665838     0.762779  0.114731   \n",
       "sqft_above    -0.010799  0.605368  0.479386   0.686668     0.876448  0.184139   \n",
       "yr_built       0.021617  0.053953  0.155670   0.507173     0.318152  0.052946   \n",
       "yr_renovated  -0.012010  0.129599  0.018495   0.051050     0.055660  0.004513   \n",
       "zipcode       -0.008211 -0.053402 -0.154092  -0.204786    -0.199802 -0.129586   \n",
       "lat           -0.001798  0.306692 -0.009951   0.024280     0.052155 -0.085514   \n",
       "long           0.020672  0.022036  0.132054   0.224903     0.241214  0.230227   \n",
       "sqft_living15 -0.002701  0.585241  0.393406   0.569884     0.756402  0.144763   \n",
       "sqft_lot15    -0.138557  0.082845  0.030690   0.088303     0.184342  0.718204   \n",
       "\n",
       "                 floors  waterfront      view  condition     grade  \\\n",
       "id             0.018608   -0.004176  0.011592  -0.023803  0.008188   \n",
       "price          0.256804    0.276295  0.395734   0.036056  0.667951   \n",
       "bedrooms       0.177944   -0.002386  0.078523   0.026496  0.356563   \n",
       "bathrooms      0.502582    0.067282  0.186451  -0.126479  0.665838   \n",
       "sqft_living    0.353953    0.110230  0.282532  -0.059445  0.762779   \n",
       "sqft_lot      -0.004814    0.023143  0.075298  -0.008830  0.114731   \n",
       "floors         1.000000    0.021883  0.028436  -0.264075  0.458794   \n",
       "waterfront     0.021883    1.000000  0.406654   0.017642  0.087383   \n",
       "view           0.028436    0.406654  1.000000   0.045735  0.249727   \n",
       "condition     -0.264075    0.017642  0.045735   1.000000 -0.146896   \n",
       "grade          0.458794    0.087383  0.249727  -0.146896  1.000000   \n",
       "sqft_above     0.523989    0.075463  0.166299  -0.158904  0.756073   \n",
       "yr_built       0.489193   -0.026079 -0.054564  -0.361592  0.447865   \n",
       "yr_renovated   0.003535    0.087244  0.100964  -0.061858  0.016669   \n",
       "zipcode       -0.059541    0.031057  0.085277   0.002888 -0.185771   \n",
       "lat            0.049239   -0.012772  0.006141  -0.015102  0.113575   \n",
       "long           0.125943   -0.039864 -0.077894  -0.105877  0.200341   \n",
       "sqft_living15  0.280102    0.088860  0.279561  -0.093072  0.713867   \n",
       "sqft_lot15    -0.010722    0.032002  0.073332  -0.003126  0.120981   \n",
       "\n",
       "               sqft_above  yr_built  yr_renovated   zipcode       lat  \\\n",
       "id              -0.010799  0.021617     -0.012010 -0.008211 -0.001798   \n",
       "price            0.605368  0.053953      0.129599 -0.053402  0.306692   \n",
       "bedrooms         0.479386  0.155670      0.018495 -0.154092 -0.009951   \n",
       "bathrooms        0.686668  0.507173      0.051050 -0.204786  0.024280   \n",
       "sqft_living      0.876448  0.318152      0.055660 -0.199802  0.052155   \n",
       "sqft_lot         0.184139  0.052946      0.004513 -0.129586 -0.085514   \n",
       "floors           0.523989  0.489193      0.003535 -0.059541  0.049239   \n",
       "waterfront       0.075463 -0.026079      0.087244  0.031057 -0.012772   \n",
       "view             0.166299 -0.054564      0.100964  0.085277  0.006141   \n",
       "condition       -0.158904 -0.361592     -0.061858  0.002888 -0.015102   \n",
       "grade            0.756073  0.447865      0.016669 -0.185771  0.113575   \n",
       "sqft_above       1.000000  0.424037      0.022137 -0.261570 -0.001199   \n",
       "yr_built         0.424037  1.000000     -0.225209 -0.347210 -0.148370   \n",
       "yr_renovated     0.022137 -0.225209      1.000000  0.069846  0.032145   \n",
       "zipcode         -0.261570 -0.347210      0.069846  1.000000  0.266742   \n",
       "lat             -0.001199 -0.148370      0.032145  0.266742  1.000000   \n",
       "long             0.344842  0.409993     -0.072156 -0.564259 -0.135371   \n",
       "sqft_living15    0.731767  0.326377     -0.000247 -0.279299  0.048679   \n",
       "sqft_lot15       0.195077  0.070777      0.003852 -0.147294 -0.086139   \n",
       "\n",
       "                   long  sqft_living15  sqft_lot15  \n",
       "id             0.020672      -0.002701   -0.138557  \n",
       "price          0.022036       0.585241    0.082845  \n",
       "bedrooms       0.132054       0.393406    0.030690  \n",
       "bathrooms      0.224903       0.569884    0.088303  \n",
       "sqft_living    0.241214       0.756402    0.184342  \n",
       "sqft_lot       0.230227       0.144763    0.718204  \n",
       "floors         0.125943       0.280102   -0.010722  \n",
       "waterfront    -0.039864       0.088860    0.032002  \n",
       "view          -0.077894       0.279561    0.073332  \n",
       "condition     -0.105877      -0.093072   -0.003126  \n",
       "grade          0.200341       0.713867    0.120981  \n",
       "sqft_above     0.344842       0.731767    0.195077  \n",
       "yr_built       0.409993       0.326377    0.070777  \n",
       "yr_renovated  -0.072156      -0.000247    0.003852  \n",
       "zipcode       -0.564259      -0.279299   -0.147294  \n",
       "lat           -0.135371       0.048679   -0.086139  \n",
       "long           1.000000       0.335626    0.255586  \n",
       "sqft_living15  0.335626       1.000000    0.183515  \n",
       "sqft_lot15     0.255586       0.183515    1.000000  "
      ]
     },
     "execution_count": 5,
     "metadata": {},
     "output_type": "execute_result"
    }
   ],
   "source": [
    "df.corr()"
   ]
  },
  {
   "cell_type": "code",
   "execution_count": 6,
   "id": "628196fc",
   "metadata": {},
   "outputs": [],
   "source": [
    "df = df.drop('date', 1)"
   ]
  },
  {
   "cell_type": "code",
   "execution_count": 7,
   "id": "31582678",
   "metadata": {},
   "outputs": [],
   "source": [
    "df['waterfront'].fillna(0.0, inplace = True)"
   ]
  },
  {
   "cell_type": "code",
   "execution_count": 8,
   "id": "dfddc326",
